85 25 1
85 53 1
101 25 1
101 53 1
114 53 1
115 25 1
128 52 1
132 25 1
151 39 1
168 21 1
225 82 1
237 83 1
297 73 1
309 99 1
358 107 1
371 107 1
371 118 1
426 142 1
436 117 1
444 143 1
453 129 1
460 116 1
466 128 1
479 134 1
524 110 1
529 87 1
546 48 1
557 125 1
562 1144 1
564 98 1
564 180 1
569 37 1
576 62 1
578 150 1
594 1240 1
598 24 1
630 1302 1
662 1400 1
738 1286 1
758 1046 1
762 1166 1
798 348 1
798 940 1
810 774 1
828 252 1
834 426 1
840 1330 1
850 1438 1
852 1248 1
870 482 1
878 664 1
896 1422 1
918 582 1
1114 318 1
1134 1142 1
1176 266 1
1176 1206 1
1209 484 1
1242 230 1
1248 1290 1
1294 170 1
1299 498 1
1338 98 1
1342 1254 1
1355 538 1
1368 614 1
1386 60 1
1438 642 1
1440 838 1
1446 72 1
1456 920 1
1491 726 1
1492 860 1
1532 896 1
1544 204 1
1544 354 1
1547 764 1
1547 765 1
1548 764 1
1548 765 1
1556 746 1
1578 130 1
1592 78 1
1602 712 1
1622 518 1
1640 388 1
1650 434 1
